res =

    0.2060    0.4455    0.7125
    0.2295    0.3130    0.5295
    0.1785    0.3005    0.4900
